[6, 6, 6, 6, 6, 6, 6, 6, 6, 6, 6, 6, 6, 6, 6, 6, 6, 6, 6, 6, 6, 6],
[6, 6, 6, 6, 6, 6, 6, 6, 6, 6, 6, 6, 6, 6, 6, 6, 6, 6, 6, 6, 6, 6],
[6, 6, 6, 6, 6, 6, 6, 6, 6, 6, 6, 6, 6, 6, 6, 6, 6, 6, 6, 6, 6, 6],
[6, 6, 6, 7, 1, 1, 1, 1, 1, 1, 1, 1, 1, 1, 1, 1, 1, 1, 8, 6, 6, 6],
[6, 6, 6, 4, 0, 0, 0, 0, 0, 0, 0, 0, 0, 0, 0, 0, 0, 0, 2, 6, 6, 6],
[6, 6, 6, 4, 0, 0, 0, 0, 0, 0, 0, 0, 0, 0, 0, 0, 0, 0, 2, 6, 6, 6],
[6, 6, 6, 4, 0, 0, 0, 0, 0, 0, 0, 0, 0, 0, 0, 0, 0, 0, 2, 6, 6, 6],
[6, 6, 6, 4, 0, 0, 0, 0, 0, 0, 0, 0, 0, 0, 0, 0, 0, 0, 2, 6, 6, 6],
[6, 6, 6, 4, 0, 0, 0, 0, 0, 0, 0, 0, 0, 0, 0, 0, 0, 0, 2, 6, 6, 6],
[6, 6, 6, 4, 0, 0, 0, 0, 0, 0, 0, 0, 0, 0, 0, 0, 0, 0, 2, 6, 6, 6],
[6, 6, 6, 4, 0, 0, 0, 0, 0, 0, 0, 0, 0, 0, 0, 0, 0, 0, 2, 6, 6, 6],
[6, 6, 6, 9, 3, 3, 3, 3, 0, 5, 5, 5, 5, 0, 3, 3, 3, 3,10, 6, 6, 6],
[6, 6, 6, 6, 6, 6, 6, 6, 4, 0, 0, 0, 0, 2, 6, 6, 6, 6, 6, 6, 6, 6],
[6, 6, 6, 6, 6, 6, 6, 6, 4, 0, 0, 0, 0, 2, 6, 6, 6, 6, 6, 6, 6, 6],
[6, 6, 6, 6, 6, 6, 6, 6, 4, 0, 0, 0, 0, 2, 6, 6, 6, 6, 6, 6, 6, 6],
[6, 6, 6, 6, 6, 6, 6, 6, 4, 0, 0, 0, 0, 2, 6, 6, 6, 6, 6, 6, 6, 6],
[6, 6, 6, 7, 1, 1, 1, 1, 0, 0, 0, 0, 0, 0, 1, 1, 1, 1, 8, 6, 6, 6],
[6, 6, 6, 4, 0, 0, 0, 0, 0, 0, 0, 0, 0, 0, 0, 0, 0, 0, 2, 6, 6, 6],
[6, 6, 6, 4, 0, 0, 0, 0, 0, 0, 0, 0, 0, 0, 0, 0, 0, 0, 2, 6, 6, 6],
[6, 6, 6, 4, 0, 0, 0, 0, 0, 0, 0, 0, 0, 0, 0, 0, 0, 0, 2, 6, 6, 6],
[6, 6, 6, 4, 0, 0, 0, 0, 0, 0, 0, 0, 0, 0, 0, 0, 0, 0, 2, 6, 6, 6],
[6, 6, 6, 4, 0, 0, 0, 0, 0, 0, 0, 0, 0, 0, 0, 0, 0, 0, 2, 6, 6, 6],
[6, 6, 6, 9, 3, 3, 3, 3, 3, 3, 3, 3, 3, 3, 3, 3, 3, 3,10, 6, 6, 6],
[6, 6, 6, 6, 6, 6, 6, 6, 6, 6, 6, 6, 6, 6, 6, 6, 6, 6, 6, 6, 6, 6],
[6, 6, 6, 6, 6, 6, 6, 6, 6, 6, 6, 6, 6, 6, 6, 6, 6, 6, 6, 6, 6, 6],
[6, 6, 6, 6, 6, 6, 6, 6, 6, 6, 6, 6, 6, 6, 6, 6, 6, 6, 6, 6, 6, 6]